# Created by Octave 3.8.1, Fri Aug 14 21:54:24 2015 EEST <ilij@vostro>
# name: nn_lsizes
# type: matrix
# rows: 1
# columns: 4
 16 50 50 16


# name: nn_params
# type: matrix
# rows: 4216
# columns: 1
 9.207533788479068
 3.49809267581023
 9.585078615674313
 10.47052946742878
 -0.3545170239767078
 4.619484081118135
 3.293970437068683
 4.648637347689787
 -3.837122056842762
 4.068850179213602
 -11.92434594240404
 4.126130271911969
 -5.141088048435558
 12.45976609819515
 3.296055567640426
 3.77526010601661
 5.471461828341439
 -2.963773133707935
 -9.426074727772955
 -8.796839217714936
 -9.381808431516024
 -8.780039085118048
 11.93472768066976
 3.493483287386002
 -4.121417561763387
 -0.7221224592922677
 -3.336536490775254
 4.221123752337816
 9.586100792475994
 3.067318138835739
 3.070861394359595
 12.5564524022737
 -5.035888502953303
 8.793359301979814
 -13.18216359854283
 -3.131124832835833
 4.620560441061602
 -2.800825767042183
 -13.02189281334019
 -2.685233337479169
 -11.38399750905313
 -2.716599765960193
 5.370668694689897
 3.471829023008012
 -3.449657705029883
 5.495310874420733
 9.172728566302784
 -11.98675594824312
 2.848451483227092
 -3.402811727939667
 -0.01434960294251618
 0.002479104375643031
 -2.857437383521591
 -0.01866925733389258
 -0.449241279846025
 -3.085165339788787
 0.1344369301858761
 -0.0005750215309723781
 2.787901148954165
 0.00244138679352167
 -0.003043447212954595
 -0.0005512377959721412
 0.01830666203320723
 -3.672601571547352
 0.1343231947011243
 -2.753611293260653
 -0.00418159665904878
 -0.06383447124924387
 -0.01684556527153966
 0.007451897795732449
 0.01096359072664332
 0.006966414286351356
 -0.0193056332627063
 0.3218267765418165
 0.004888723878288026
 1.674559881548349
 -0.1281185862026958
 -0.0007186466074036128
 -2.857676983522377
 -0.04282264058586746
 0.06913637521162042
 0.01737475338486712
 3.651565338530605
 0.0006132192055877855
 -0.004351697839056375
 0.05517981594126876
 -0.04962857375968874
 -0.06700426533429789
 -0.05110131243232897
 0.02701534198524284
 -0.01892695559191698
 -0.06951549056813316
 0.03827993895447647
 0.3231891206379351
 0.001318757459415139
 -0.007100975374812837
 -0.01372213360546043
 3.349316506572775
 -0.02853705533705508
 -0.325271616948036
 0.01663732614826845
 -2.471424546148187
 -2.815905763117823
 -0.01925663683106761
 0.3321432825423359
 -3.097455527777685
 0.1305838410409885
 0.001240889785479184
 2.767422507944114
 -2.798286026182217
 -0.05446067333919868
 -2.820371584016461
 -0.01434602245463268
 0.1574593502580518
 0.1304079980616458
 -2.727481699597984
 0.03148862498745041
 -0.08683449667565178
 -0.02857148173561929
 2.466967758769929
 -0.0234162513955312
 2.463187952007198
 0.02068817829976131
 -2.693645652180759
 -0.05744597258056943
 -0.5542784174504709
 -0.1234438136381277
 0.05919192445164074
 -2.816151860004365
 -0.0461115086922979
 0.08067278153088281
 0.02395320115096254
 -0.2169409292597503
 -2.484589982537544
 -0.02839287984980839
 0.05412593402193337
 0.06060339806582132
 -0.108101139221403
 -0.006577690974118504
 0.05615091718544537
 3.303908952815426
 -0.1183778010527655
 0.03105340132210671
 -2.685272653930946
 2.466271770236287
 -0.02102951928267727
 0.01720420048286242
 3.430230313615426
 -0.04405928609400549
 2.669433857456657
 -0.000903239110566383
 -2.412384995649048
 -0.01886813755812541
 -2.954201423675339
 -0.5692927990167814
 -3.09816203788581
 -0.0614796974323006
 0.002726161358531461
 -0.08702906965061223
 0.1043954059408164
 0.008291169606054175
 0.1017880582349606
 -0.03759904315747888
 -3.618392762467619
 -0.06158171028563827
 0.0901142618233573
 -0.01611854224356555
 2.404643562089313
 2.719620084250143
 0.05158851056568829
 -0.005301214536160359
 0.05148914203511243
 0.009563617086720754
 -0.05317139592340431
 2.835832446580242
 0.3745864705121684
 0.0492841397627416
 -2.895344801461044
 -0.01889430421056169
 0.06504670486677097
 -2.476821586112966
 0.01755573443238838
 3.621001948339284
 -0.03809324425128839
 0.00219764279110724
 -0.07959947013396029
 0.1065050358713176
 2.347098468541091
 -0.02218284062287157
 -0.1248741415596842
 3.337002121656767
 2.316956616483067
 0.003669519737891975
 -0.05226197606103807
 2.392190498823745
 -0.001305956681824575
 -0.0001818009505840383
 3.420657479328276
 0.0845543793082166
 0.04083743086945538
 0.01832946438017635
 -2.498035180935685
 0.05147920372916669
 -2.988011191621516
 -0.02539856651300633
 0.007692689009818708
 -0.07661459093335229
 -0.0177736682551374
 -0.05802207245805628
 -2.830834641707665
 0.02590895471590772
 -2.853443216198817
 -0.04915726828102971
 0.02180761658996292
 -0.07668525433249263
 0.06448626991500012
 0.004506874250452268
 -0.3474583466062392
 2.748100708268368
 2.467873090231506
 0.002143891142869432
 2.463719528715483
 0.0357085692510942
 0.1858416054161493
 2.815884667600872
 -0.1637328806240807
 0.09231869413856628
 -2.866949733064438
 0.05145128243918729
 0.1827495939319896
 0.3592792550164759
 0.07693173332697487
 -0.02830621469180254
 -2.461567969421454
 -0.02853957322552498
 -0.1689002191134524
 -0.04108642292245315
 -0.3529554263401181
 -0.02070302841431143
 -0.181951530927347
 3.281569320248991
 -0.3546027540770818
 -0.0582936079353223
 0.1868416806060866
 2.477662257497171
 0.009046384019668641
 0.01892818343184901
 -0.009211767387481104
 0.1908415263048639
 -0.18155810269196
 0.006976198950366303
 0.02842652964699041
 0.06473774027406111
 -0.01328953610148152
 -0.3163672890689957
 -3.070894989764281
 0.01503427509124412
 -3.047209187418066
 -0.149437740178693
 0.005466570562742551
 3.377215705040495
 0.002283277510682937
 0.01260184506563539
 -3.688787107688154
 0.01485121976111934
 0.1471808056295979
 0.01833563660890263
 -0.0383085151745115
 -0.02274834613537446
 0.003098929846453321
 -0.01934801681150307
 0.002654867173562931
 0.02039444968242271
 -2.855489182385808
 -0.04327414448979267
 0.5072847430459886
 -0.02388456503102488
 0.03408444728520458
 0.06471139345753832
 -0.00878475507100758
 0.0205537280221389
 0.02817653467294671
 3.588042375512411
 -0.01274726526270486
 -0.01627257614147048
 -0.00173372577200394
 -0.0297764639080225
 -0.04689586003622377
 3.752332728918829
 -0.01738353787841336
 -0.04609848745890877
 -0.05347034272709265
 0.05482905376204356
 -2.847551641695563
 -0.03033194395748916
 -3.794963277643203
 0.007773865001589643
 3.424221485449585
 -0.001417833209344999
 2.812104931474872
 -0.01224345308647658
 -2.399594921947144
 -2.727485579066449
 -0.01056874463137418
 -0.4350938498509989
 0.09591563776532867
 0.1734276680524532
 -3.171429157718423
 2.789741931348232
 -2.792457455732339
 3.385786209658507
 -2.814612162583754
 -0.07238608703214203
 -3.590438715812238
 0.1732813482665917
 -2.754509487118396
 0.02209032987930446
 -0.1724696457933727
 -0.006184496487050628
 2.49354310661352
 0.01348071298395881
 2.489458409945935
 -3.425439976032723
 -2.486962881103647
 -0.032362768782814
 0.8643102455185534
 -0.1512607507160751
 0.02480905272914502
 -2.72772936604986
 0.00791100549571234
 0.1801194954133803
 -0.03364839631056231
 3.681023082428768
 -2.496172301388742
 -0.02793737436583937
 0.01027425204664657
 -3.122940203106905
 -0.1825886521047602
 3.78780403087575
 -0.005922015765625266
 3.320910656130398
 -0.1884552994942574
 0.05959849243833863
 -2.478892730766826
 2.388404667096669
 -3.74292096819209
 -0.01157376773061338
 -0.02941462678889752
 0.01728830688193408
 2.462125001608434
 0.01031001587499563
 -0.02759332425511954
 0.05425905107871226
 -2.937951572280192
 -0.3878414035854321
 -3.149639624495044
 -0.007601311085258582
 -3.12830063754159
 -0.06111014677054248
 -2.849814413587577
 3.449586795421519
 -2.872949503014201
 -0.02858828128011434
 -3.583758929888988
 -0.00767992591786199
 0.05963617304056843
 -3.71217982183847
 2.11264753371929
 2.684975397613719
 2.458116675836817
 -0.01221512530525763
 2.453854657437056
 -3.368458491637819
 0.1633749847296071
 2.891918300262606
 0.4475607761640674
 0.003841621347174842
 -2.945218360033365
